32 0.414405
64 0.021645
96 0.020518
128 0.021197
160 0.020379
192 0.020312
224 0.021241
256 0.020387
288 0.020897
320 0.019626
352 0.018543
384 0.017693
416 0.017274
448 0.017326
480 0.017177
512 0.017686
544 0.017399
576 0.017695
608 0.017267
640 0.017185
672 0.017741
704 0.017216
736 0.017454
768 0.017173
800 0.017186
832 0.017151
864 0.017189
896 0.017766
928 0.017289
960 0.017170
992 0.017511
1024 0.017769
1056 0.017134
1088 0.017311
1120 0.017906
1152 0.017627
1184 0.017653
1216 0.017517
1248 0.017491
1280 0.017456
1312 0.017376
1344 0.017241
1376 0.017408
1408 0.017247
1440 0.017483
1472 0.017813
1504 0.017896
1536 0.017650
1568 0.017360
1600 0.017293
1632 0.017311
1664 0.017321
1696 0.017306
1728 0.017289
1760 0.017331
1792 0.017415
1824 0.018835
1856 0.017544
1888 0.017359
1920 0.017295
1952 0.017337
1984 0.017350
2016 0.017338
2048 0.017639
